0.0215011 0.044097
0.392605 0.237506
0.271595 0.580169
0.374816 0.378895
0.892778 0.28271
0.909098 0.404498
0.757539 0.581794
0.787237 0.957448
0.512566 0.816083
0.808698 0.313309
0.603808 0.335057
0.093316 0.0551728
0.689665 0.208962
0.411152 0.505801
0.266658 0.472775
0.962862 0.637669
0.074652 0.927902
0.505387 0.636459
0.605578 0.178478
0.256098 0.162898
0.443737 0.972957
0.0917475 0.422965
0.867791 0.187436
0.72665 0.812815
0.875212 0.779296
0.36319 0.585206
0.616865 0.0922776
0.79577 0.0556738
0.449171 0.757921
0.326815 0.666087
0.507408 0.517755
0.869666 0.111574
0.465206 0.283986
0.434047 0.451737
0.910682 0.985443
0.458637 0.172137
0.725317 0.492276
0.866403 0.601654
0.400056 0.711093
0.972583 0.332192
0.31195 0.953131
0.85679 0.0285968
0.14024 0.164331
0.790648 0.777178
0.762722 0.388791
0.342701 0.175576
0.239799 0.0771898
0.0222984 0.0791234
0.767384 0.693117
0.0366576 0.563215
0.938437 0.513038
0.593523 0.975133
0.587718 0.0200349
0.251759 0.389492
0.226928 0.235822
0.841135 0.970467
0.261384 0.127055
0.026274 0.692197
0.62601 0.665884
0.541542 0.362961
0.89161 0.870691
0.0517032 0.25005
0.840904 0.492801
0.947217 0.0387466
0.602083 0.141213
0.441423 0.0980216
0.393139 0.154111
0.651708 0.397511
0.695855 0.286367
0.474213 0.589603
0.791363 0.162857
0.207454 0.165024
0.649047 0.592199
0.498101 0.0493321
0.0559089 0.342342
0.720518 0.879871
0.426312 0.887487
0.271274 0.245443
0.350961 0.824517
0.191157 0.593446
0.641256 0.78932
0.640742 0.515017
0.86071 0.704761
0.500166 0.427431
0.752518 0.221714
0.148045 0.541927
0.530858 0.728407
0.606918 0.278751
0.732572 0.0769737
0.366688 0.0310022
0.161299 0.05004
0.236189 0.874201
0.316627 0.28362
0.801054 0.261428
0.032994 0.461122
0.229279 0.29599
0.334317 0.0899484
0.541834 0.114687
0.967187 0.846191
0.950216 0.723813
0.306092 0.223571
0.673963 0.12875
0.249006 0.768914
0.0762796 0.116412
0.0536176 0.182295
0.151828 0.293219
0.805561 0.887281
0.352945 0.442984
0.445858 0.214928
0.663056 0.706623
0.0418856 0.817779
0.255941 0.0139433
0.90759 0.22288
0.717426 0.146366
0.177104 0.956331
0.682223 0.0347941
0.558643 0.896574
0.955944 0.921699
0.364992 0.304621
0.541113 0.257343
0.960359 0.157583
0.746394 0.993053
0.149822 0.690048
0.646841 0.925825
0.131105 0.803846
0.182516 0.478721
0.480384 0.120082
0.473378 0.36214
