0.0150273 0.0403662 0
0.00800315 0.0472289 0
0.041473 0.0446958 0
0.395132 0.240303 1
0.391767 0.207323 1
0.390914 0.264891 1
0.26472 0.60008 2
0.270995 0.554805 2
0.247109 0.558744 2
0.288516 0.602196 2
0.293875 0.5529 2
0.28298 0.554477 2
0.285293 0.616027 2
0.239268 0.60212 2
0.392252 0.398956 3
0.354103 0.395131 3
0.348391 0.358083 3
0.343737 0.371526 3
0.414097 0.379355 3
0.369488 0.395589 3
0.401646 0.353625 3
0.893961 0.305945 4
0.876135 0.270951 4
0.932263 0.295172 4
0.85407 0.265538 4
0.90746 0.275943 4
0.883445 0.366403 5
0.928781 0.446151 5
0.897727 0.439533 5
0.865004 0.353338 5
0.912636 0.422698 5
0.914724 0.364313 5
0.910874 0.409564 5
0.925254 0.368567 5
0.888886 0.409507 5
0.924203 0.425624 5
0.891612 0.409098 5
0.950736 0.436209 5
0.924395 0.407464 5
0.736721 0.571923 6
0.706733 0.609529 6
0.786815 0.548227 6
0.766908 0.567897 6
0.744322 0.63239 6
0.77783 0.577003 6
0.734081 0.592073 6
0.790651 0.534427 6
0.77379 0.602671 6
0.788452 0.936048 7
0.802885 0.933076 7
0.789964 0.96999 7
0.789937 0.985876 7
0.76511 0.954818 7
0.79085 0.961806 7
0.764931 0.959466 7
0.805769 0.958507 7
0.465062 0.805375 8
0.541035 0.820857 8
0.533747 0.826568 8
0.486791 0.792372 8
0.553238 0.793663 8
0.518293 0.783335 8
0.549399 0.831313 8
0.520687 0.828976 8
0.507829 0.858378 8
0.483562 0.789204 8
0.478583 0.846872 8
0.798546 0.323553 9
0.765599 0.294307 9
0.816647 0.304219 9
0.811427 0.325183 9
0.818351 0.287346 9
0.848109 0.332115 9
0.800174 0.317392 9
0.785369 0.322406 9
0.834061 0.31326 9
0.596692 0.314837 10
0.592316 0.358013 10
0.600642 0.333039 10
0.625582 0.334338 10
0.0796957 0.0602305 11
0.0997415 0.0363135 11
0.0802199 0.0628201 11
0.126769 0.0653246 11
0.0801543 0.0511753 11
0.698352 0.233267 12
0.659271 0.233165 12
0.711611 0.216136 12
0.673753 0.188995 12
0.710924 0.200758 12
0.676268 0.189161 12
0.697479 0.201252 12
0.382146 0.47838 13
0.442803 0.500433 13
0.454503 0.50837 13
0.434622 0.491237 13
0.3789 0.498625 13
0.381514 0.513098 13
0.414269 0.540936 13
0.380937 0.488797 13
0.426144 0.525716 13
0.415677 0.512416 13
0.262656 0.448586 14
0.272508 0.4569 14
0.245796 0.478125 14
0.285672 0.507488 14
0.971657 0.582933 15
0.918651 0.629234 15
0.923137 0.654164 15
0.963139 0.626649 15
0.951797 0.666129 15
0.949623 0.644764 15
0.974244 0.613546 15
0.991028 0.657315 15
0.964312 0.624079 15
0.975476 0.675245 15
0.988725 0.597248 15
0.964517 0.656654 15
0.980893 0.661737 15
0.0173287 0.937954 16
0.121351 0.89809 16
0.105721 0.962725 16
0.0737275 0.87756 16
0.0261409 0.996606 16
0.0914002 0.951666 16
0.0704567 0.894345 16
0.0910906 0.904273 16
0.525237 0.628298 17
0.479315 0.673643 17
0.506522 0.671941 17
0.492855 0.670508 17
0.537857 0.595731 17
0.539226 0.590865 17
0.532074 0.598416 17
0.480632 0.629176 17
0.454764 0.66955 17
0.606481 0.194499 18
0.598383 0.174692 18
0.61187 0.166243 18
0.250793 0.169196 19
0.269495 0.162567 19
0.248007 0.156931 19
0.446154 0.952599 20
0.414172 0.981947 20
0.439202 0.968292 20
0.498659 0.987642 20
0.435116 0.98011 20
0.427929 0.990532 20
0.387082 0.997923 20
0.463549 0.982853 20
0.45463 0.948816 20
0.418222 0.986198 20
0.49668 0.929116 20
0.443451 0.969463 20
0.135528 0.384914 21
0.0823526 0.383928 21
0.093216 0.441721 21
0.130794 0.43826 21
0.0762095 0.445234 21
0.0845552 0.458305 21
0.0934895 0.459787 21
0.0770887 0.429415 21
0.0944878 0.388042 21
0.080598 0.420158 21
0.0609038 0.402847 21
0.859034 0.174343 22
0.849391 0.195821 22
0.894533 0.177328 22
0.863201 0.206965 22
0.872795 0.182725 22
0.721807 0.806323 23
0.727856 0.843068 23
0.729552 0.803067 23
0.744539 0.841417 23
0.702035 0.781209 23
0.777843 0.833428 23
0.687544 0.813805 23
0.722021 0.780205 23
0.847998 0.760226 24
0.868372 0.790488 24
0.908424 0.758553 24
0.860628 0.752678 24
0.839971 0.810296 24
0.888258 0.786874 24
0.880602 0.773532 24
0.907442 0.801718 24
0.373986 0.63162 25
0.389621 0.594239 25
0.354879 0.599221 25
0.324473 0.587148 25
0.387957 0.564454 25
0.319068 0.577108 25
0.371461 0.552865 25
0.381719 0.568517 25
0.365548 0.591679 25
0.624912 0.0948467 26
0.630347 0.0881262 26
0.605402 0.0737376 26
0.58746 0.0821385 26
0.618194 0.10827 26
0.634875 0.106546 26
0.804657 0.0722531 27
0.801749 0.0594135 27
0.804445 0.0358097 27
0.776004 0.0517918 27
0.802128 0.0207005 27
0.806282 0.101429 27
0.782592 0.0287543 27
0.814431 0.0792694 27
0.763913 0.0284825 27
0.801498 0.0788347 27
0.419729 0.750635 28
0.475244 0.738194 28
0.47363 0.737246 28
0.441708 0.798674 28
0.435545 0.764858 28
0.358331 0.643905 29
0.367538 0.663481 29
0.355062 0.660092 29
0.27384 0.676032 29
0.314679 0.649865 29
0.308869 0.621462 29
0.354259 0.682357 29
0.362557 0.67555 29
0.309177 0.69332 29
0.304181 0.687042 29
0.286477 0.673851 29
0.535713 0.518171 30
0.528189 0.499754 30
0.47525 0.486265 30
0.492807 0.51639 30
0.493117 0.531967 30
0.521948 0.514529 30
0.495345 0.535157 30
0.516896 0.539806 30
0.829479 0.114226 31
0.859226 0.116756 31
0.891312 0.12384 31
0.914222 0.120529 31
0.854091 0.0825188 31
0.490231 0.272789 32
0.45072 0.295317 32
0.481961 0.283231 32
0.44601 0.300364 32
0.48553 0.256379 32
0.426275 0.304955 32
0.482496 0.256791 32
0.458426 0.302063 32
0.429799 0.440064 33
0.415745 0.424874 33
0.439667 0.472168 33
0.457843 0.432139 33
0.436498 0.466818 33
0.419979 0.477152 33
0.438801 0.448947 33
0.89498 0.997547 34
0.892203 0.98921 34
0.952272 0.994581 34
0.903274 0.960434 34
0.444183 0.157434 35
0.432911 0.181255 35
0.498819 0.177723 35
0.737832 0.454868 36
0.722966 0.469755 36
0.702377 0.457946 36
0.743053 0.445551 36
0.70692 0.522647 36
0.725078 0.513686 36
0.746917 0.506079 36
0.719878 0.518652 36
0.700618 0.517356 36
0.721586 0.511988 36
0.751263 0.496508 36
0.895113 0.623466 37
0.890466 0.581961 37
0.856265 0.56792 37
0.818406 0.573295 37
0.885129 0.631781 37
0.910935 0.624731 37
0.837022 0.602827 37
0.889843 0.611125 37
0.844844 0.595698 37
0.845121 0.618698 37
0.847783 0.56037 37
0.877055 0.590919 37
0.865255 0.638717 37
0.40077 0.699287 38
0.398668 0.754594 38
0.394757 0.709247 38
0.379191 0.718499 38
0.407412 0.679436 38
0.419539 0.705493 38
0.99139 0.341431 39
0.93697 0.339004 39
0.984198 0.327756 39
0.985673 0.299431 39
0.990751 0.324908 39
0.990421 0.354547 39
0.93803 0.311138 39
0.963232 0.359324 39
0.297821 0.938864 40
0.289997 0.937613 40
0.256803 0.923107 40
0.349709 0.978342 40
0.317825 0.945704 40
0.326533 0.985502 40
0.292209 0.95202 40
0.292822 0.965184 40
0.370432 0.948815 40
0.280905 0.931194 40
0.351885 0.967613 40
0.329742 0.946647 40
0.351672 0.925998 40
0.268773 0.937666 40
0.329677 0.994851 40
0.284394 0.970982 40
0.850047 0.0634889 41
0.855998 0.0175035 41
0.879922 0.0054392 41
0.849819 0.0184406 41
0.846732 0.0457297 41
0.847054 0.0209837 41
0.867959 0.0285921 41
0.153996 0.156457 42
0.134607 0.158913 42
0.171926 0.144686 42
0.124621 0.212074 42
0.116051 0.149528 42
0.79413 0.767887 43
0.80779 0.770995 43
0.791519 0.751718 43
0.789822 0.791222 43
0.763888 0.76205 43
0.782357 0.812914 43
0.798924 0.808896 43
0.798516 0.750997 43
0.785969 0.821748 43
0.79357 0.733356 43
0.784898 0.374863 44
0.772721 0.370653 44
0.817091 0.390801 44
0.747408 0.430245 44
0.706324 0.356747 44
0.822884 0.415098 44
0.775517 0.37873 44
0.755166 0.415635 44
0.747252 0.383563 44
0.734429 0.367242 44
0.729372 0.375965 44
0.759597 0.405952 44
0.346621 0.162113 45
0.335373 0.196484 45
0.337049 0.166308 45
0.351762 0.177401 45
0.216052 0.0866387 46
0.239931 0.0883929 46
0.238739 0.0746511 46
0.277459 0.0620406 46
0.206558 0.0895412 46
0.260057 0.0618743 46
0.00740758 0.0641258 47
0.0159131 0.0765928 47
0.0370288 0.0859059 47
0.0288442 0.0898692 47
0.787793 0.700626 48
0.718951 0.709853 48
0.741325 0.661465 48
0.806274 0.705803 48
0.770975 0.693703 48
0.784584 0.66554 48
0.761786 0.714829 48
0.0299681 0.567256 49
0.0257399 0.56267 49
0.0406755 0.516341 49
0.0631793 0.588097 49
0.00811236 0.572352 49
0.00209747 0.52002 49
0.00872199 0.602918 49
0.0523472 0.552556 49
0.0590796 0.548039 49
0.0766547 0.601901 49
0.928509 0.573716 50
0.9623 0.537524 50
0.907275 0.555967 50
0.985027 0.50741 50
0.97522 0.517271 50
0.918155 0.502304 50
0.902373 0.532889 50
0.924288 0.467666 50
0.98868 0.50035 50
0.937593 0.460142 50
0.933987 0.473341 50
0.897831 0.527872 50
0.590163 0.976555 51
0.640739 0.995829 51
0.567941 0.974672 51
0.575249 0.953478 51
0.545808 0.0232832 52
0.624448 0.00972057 52
0.59003 0.00128221 52
0.60208 0.042445 52
0.594874 0.0430542 52
0.590106 0.037256 52
0.598827 0.00395131 52
0.539377 0.0147852 52
0.603915 0.00453663 52
0.246465 0.408524 53
0.241994 0.364983 53
0.270581 0.40983 53
0.258489 0.428773 53
0.248011 0.380192 53
0.211594 0.410148 53
0.249996 0.385637 53
0.220906 0.389667 53
0.284694 0.41847 53
0.259016 0.360838 53
0.258119 0.36024 53
0.282052 0.380074 53
0.240955 0.366024 53
0.223931 0.234648 54
0.239 0.248133 54
0.216976 0.240592 54
0.228766 0.248269 54
0.225967 0.207468 54
0.830999 0.978709 55
0.860602 0.928671 55
0.853694 0.997187 55
0.838059 0.965294 55
0.811225 0.978081 55
0.848521 0.980977 55
0.82265 0.96953 55
0.863329 0.965288 55
0.261384 0.127055 56
0.0184462 0.711462 57
0.0142838 0.672541 57
0.00398134 0.637404 57
0.0368716 0.639545 57
0.0386176 0.692825 57
0.0702324 0.668235 57
0.00611322 0.716955 57
0.0433669 0.698607 57
0.0511945 0.701663 57
0.00239248 0.728294 57
0.00351393 0.746637 57
0.661005 0.641303 58
0.612723 0.695102 58
0.612591 0.648099 58
0.596323 0.686723 58
0.618523 0.689479 58
0.654898 0.634598 58
0.579265 0.382355 59
0.528291 0.361406 59
0.566065 0.36824 59
0.535264 0.335332 59
0.524018 0.354796 59
0.516348 0.375639 59
0.897529 0.855442 60
0.88178 0.854545 60
0.903705 0.856967 60
0.894982 0.872798 60
0.873625 0.890289 60
0.887688 0.858328 60
0.898822 0.862203 60
0.894751 0.914959 60
0.0838959 0.219265 61
0.0330546 0.259475 61
0.0192129 0.24469 61
0.086352 0.263493 61
0.0130749 0.221381 61
0.0932007 0.24903 61
0.00329316 0.280409 61
0.0120476 0.23974 61
0.0728394 0.283827 61
0.100061 0.239187 61
0.786789 0.502921 62
0.853455 0.44992 62
0.848471 0.449184 62
0.850252 0.540939 62
0.834139 0.516131 62
0.889548 0.489835 62
0.870912 0.474252 62
0.845696 0.518985 62
0.78821 0.465419 62
0.842224 0.505156 62
0.855697 0.517074 62
0.830297 0.544483 62
0.862247 0.531834 62
0.805041 0.468872 62
0.85407 0.508144 62
0.869427 0.456734 62
0.788844 0.466507 62
0.827151 0.500028 62
0.835942 0.487762 62
0.882277 0.501206 62
0.831177 0.477336 62
0.796824 0.47811 62
0.892105 0.48359 62
0.921475 0.00252677 63
0.966446 0.0940206 63
0.951765 0.0659208 63
0.996327 0.0231389 63
0.929714 0.0137826 63
0.942275 0.0201391 63
0.957172 0.0636705 63
0.933834 0.0561202 63
0.925945 0.00940005 63
0.58654 0.149003 64
0.611597 0.126888 64
0.608112 0.147748 64
0.449385 0.0725207 65
0.439101 0.0998549 65
0.435783 0.121689 65
0.403327 0.189357 66
0.40341 0.158556 66
0.381199 0.149681 66
0.377403 0.145821 66
0.400356 0.127142 66
0.624021 0.396601 67
0.661516 0.39418 67
0.696398 0.361481 67
0.620194 0.415992 67
0.677145 0.432305 67
0.686515 0.347677 67
0.652912 0.378126 67
0.62187 0.428451 67
0.631561 0.396488 67
0.639491 0.402823 67
0.657162 0.418499 67
0.739011 0.269117 68
0.666738 0.26824 68
0.690637 0.324895 68
0.713789 0.248477 68
0.698543 0.301117 68
0.670923 0.264759 68
0.691343 0.327961 68
0.481768 0.573248 69
0.445645 0.598207 69
0.482717 0.612342 69
0.476113 0.58186 69
0.484821 0.582359 69
0.801685 0.205252 70
0.787476 0.199949 70
0.782943 0.135384 70
0.78787 0.137205 70
0.77871 0.162866 70
0.809495 0.136489 70
0.205428 0.1913 71
0.227154 0.152069 71
0.210055 0.183331 71
0.218888 0.149997 71
0.212695 0.180106 71
0.207987 0.134977 71
0.186366 0.167196 71
0.194695 0.175589 71
0.203818 0.150648 71
0.646421 0.562363 72
0.696841 0.590384 72
0.615051 0.594044 72
0.615726 0.614869 72
0.634156 0.587902 72
0.690455 0.561239 72
0.660475 0.626147 72
0.599765 0.561248 72
0.657044 0.609381 72
0.670581 0.597571 72
0.653002 0.609038 72
0.467984 0.0166372 73
0.476143 0.0364652 73
0.531197 0.0680524 73
0.487774 0.0554493 73
0.518569 0.0670147 73
0.506937 0.0523738 73
0.0460919 0.338986 74
0.0667093 0.332579 74
0.0605977 0.354594 74
0.0660229 0.327098 74
0.0401229 0.358453 74
0.73759 0.922476 75
0.720425 0.880775 75
0.691766 0.853062 75
0.765614 0.853942 75
0.692856 0.891791 75
0.718433 0.872493 75
0.716939 0.884557 75
0.390025 0.865956 76
0.461403 0.855689 76
0.441216 0.896463 76
0.475575 0.890835 76
0.463959 0.875641 76
0.450825 0.922761 76
0.387996 0.871804 76
0.423125 0.894087 76
0.41142 0.886961 76
0.438336 0.902433 76
0.373506 0.91085 76
0.420131 0.874165 76
0.401474 0.845538 76
0.387722 0.937948 76
0.461998 0.868429 76
0.432287 0.900236 76
0.274293 0.232525 77
0.281881 0.235169 77
0.257646 0.268635 77
0.348557 0.843619 78
0.295151 0.853716 78
0.357024 0.772598 78
0.373406 0.794166 78
0.40222 0.818612 78
0.372764 0.830501 78
0.331409 0.838693 78
0.33527 0.859543 78
0.342852 0.809207 78
0.207865 0.644707 79
0.202722 0.535143 79
0.16187 0.611203 79
0.17179 0.575611 79
0.180108 0.593035 79
0.205812 0.580777 79
0.221775 0.583316 79
0.192557 0.617107 79
0.175912 0.600118 79
0.609232 0.811841 80
0.65412 0.808913 80
0.632435 0.759507 80
0.667417 0.799397 80
0.652333 0.771401 80
0.662287 0.78319 80
0.65367 0.827386 80
0.598558 0.752927 80
0.615023 0.536242 81
0.616051 0.518563 81
0.631002 0.477024 81
0.668056 0.517969 81
0.586824 0.531182 81
0.625786 0.526771 81
0.668929 0.476957 81
0.630879 0.510689 81
0.673846 0.548275 81
0.658126 0.510039 81
0.588032 0.531066 81
0.660184 0.512702 81
0.682515 0.518483 81
0.665138 0.494276 81
0.870648 0.71563 82
0.856231 0.696669 82
0.862953 0.720231 82
0.89176 0.668986 82
0.842353 0.699909 82
0.835518 0.742658 82
0.843054 0.673734 82
0.883161 0.72027 82
0.503446 0.432611 83
0.503267 0.424066 83
0.542905 0.425105 83
0.50336 0.436599 83
0.468804 0.425477 83
0.479211 0.420725 83
0.762862 0.225869 84
0.739523 0.189163 84
0.749792 0.267148 84
0.752423 0.237013 84
0.757987 0.189374 84
0.148803 0.527065 85
0.116362 0.584784 85
0.122482 0.539365 85
0.172613 0.523905 85
0.179963 0.534516 85
0.52284 0.749975 86
0.538219 0.70491 86
0.501283 0.748927 86
0.51306 0.724174 86
0.546338 0.739316 86
0.514529 0.701737 86
0.553696 0.71159 86
0.51573 0.729161 86
0.572027 0.745878 86
0.587672 0.281106 87
0.579291 0.261214 87
0.587517 0.265595 87
0.630696 0.288231 87
0.627463 0.290999 87
0.62887 0.285361 87
0.760934 0.0797827 88
0.723862 0.0828538 88
0.734478 0.0612523 88
0.740855 0.0900224 88
0.707025 0.0679388 88
0.72828 0.0799918 88
0.327764 0.0311492 89
0.362444 0.0304427 89
0.41236 0.0247576 89
0.353495 0.0462824 89
0.354451 0.0551713 89
0.325618 0.0321767 89
0.380209 0.015987 89
0.417161 0.0120506 89
0.161063 0.0389993 90
0.144557 0.0458219 90
0.180202 0.0574414 90
0.178402 0.0828446 90
0.134134 0.0541789 90
0.169438 0.020954 90
0.244564 0.918837 91
0.204441 0.88039 91
0.182491 0.889436 91
0.211691 0.838733 91
0.261042 0.875754 91
0.242116 0.91786 91
0.258222 0.879691 91
0.189678 0.886516 91
0.293625 0.873633 91
0.231408 0.854368 91
0.268882 0.833559 91
0.27145 0.889243 91
0.248719 0.836768 91
0.198319 0.864029 91
0.330426 0.270459 92
0.307722 0.294673 92
0.311732 0.285727 92
0.808977 0.243037 93
0.802456 0.275831 93
0.804135 0.260211 93
0.788646 0.266633 93
0.0721266 0.463406 94
0.0494078 0.495318 94
0.0304777 0.455889 94
0.0147217 0.420294 94
0.0656574 0.496408 94
0.0143077 0.428706 94
0.0464872 0.452037 94
0.0312742 0.449315 94
0.00261033 0.465841 94
0.00995312 0.476185 94
0.0309184 0.500244 94
0.0437305 0.420876 94
0.0339592 0.460434 94
0.0162837 0.470756 94
0.19607 0.291588 95
0.261602 0.301707 95
0.215378 0.303346 95
0.226978 0.27581 95
0.270957 0.289968 95
0.204689 0.313522 95
0.344077 0.0788157 96
0.357264 0.0783968 96
0.332652 0.115455 96
0.337643 0.0713165 96
0.299375 0.0975348 96
0.334892 0.098172 96
0.531427 0.123477 97
0.527993 0.119829 97
0.537743 0.109003 97
0.544406 0.128112 97
0.563971 0.115255 97
0.549005 0.0688087 97
0.540948 0.16364 97
0.539181 0.0893673 97
0.986303 0.834892 98
0.967394 0.879016 98
0.999795 0.835283 98
0.952555 0.841915 98
0.982817 0.855332 98
0.939854 0.82985 98
0.941592 0.847046 98
0.931052 0.699607 99
0.942496 0.688985 99
0.965455 0.723621 99
0.950212 0.716483 99
0.969845 0.716274 99
0.965774 0.684304 99
0.979354 0.750738 99
0.960647 0.736268 99
0.94122 0.760378 99
0.90459 0.721105 99
0.941733 0.764175 99
0.32046 0.227838 100
0.286454 0.222329 100
0.336538 0.236332 100
0.280916 0.207786 100
0.688342 0.0975314 101
0.657504 0.169298 101
0.676043 0.119421 101
0.239835 0.755322 102
0.268063 0.804929 102
0.223522 0.756267 102
0.262794 0.744795 102
0.256641 0.780501 102
0.22821 0.755198 102
0.221825 0.804008 102
0.194412 0.792659 102
0.206615 0.744274 102
0.232044 0.762009 102
0.279595 0.780273 102
0.306144 0.770419 102
0.248425 0.760536 102
0.256459 0.784171 102
0.237715 0.776215 102
0.292191 0.734716 102
0.278615 0.765249 102
0.0643887 0.110556 103
0.0902159 0.0947341 103
0.0499361 0.127982 103
0.100578 0.132374 103
0.0569976 0.189136 104
0.0339405 0.18905 104
0.0753611 0.164335 104
0.0484153 0.206505 104
0.0986526 0.20167 104
0.00193171 0.196312 104
0.0293338 0.163481 104
0.0663237 0.178041 104
0.0317924 0.152523 104
0.0934276 0.181899 104
0.147477 0.27971 105
0.180594 0.269304 105
0.167583 0.245724 105
0.121448 0.273014 105
0.168466 0.310525 105
0.115425 0.332083 105
0.137091 0.318643 105
0.184849 0.263998 105
0.149341 0.319927 105
0.175787 0.314354 105
0.154651 0.301501 105
0.11922 0.289842 105
0.79451 0.858551 106
0.796766 0.882654 106
0.778078 0.910363 106
0.81835 0.870905 106
0.78104 0.884848 106
0.841633 0.916731 106
0.828551 0.886917 106
0.331806 0.478743 107
0.346863 0.441339 107
0.332774 0.426265 107
0.364453 0.452196 107
0.390394 0.430259 107
0.373774 0.440474 107
0.330549 0.431612 107
0.446534 0.198376 108
0.432874 0.242165 108
0.482795 0.219001 108
0.444273 0.237128 108
0.436359 0.202189 108
0.429365 0.188666 108
0.414624 0.197299 108
0.480035 0.234602 108
0.662152 0.718423 109
0.664289 0.70675 109
0.646567 0.728746 109
0.681171 0.681074 109
0.680131 0.694551 109
0.689554 0.679965 109
0.61753 0.736851 109
0.014932 0.86312 110
0.0273189 0.814795 110
0.0331037 0.79779 110
0.0783177 0.843156 110
0.0679524 0.81499 110
0.0383666 0.843572 110
0.00818503 0.808461 110
0.0472276 0.839592 110
0.0367299 0.836934 110
0.0482261 0.774548 110
0.0603814 0.758615 110
0.307667 0.00509101 111
0.250038 0.00203985 111
0.267231 0.0178365 111
0.211118 0.00944279 111
0.201331 0.000232295 111
0.254726 0.0367918 111
0.25778 0.0129582 111
0.297634 0.027154 111
0.940334 0.231703 112
0.900988 0.222009 112
0.881447 0.214929 112
0.714355 0.169498 113
0.750588 0.152392 113
0.700589 0.151105 113
0.716446 0.12424 113
0.710512 0.150722 113
0.71207 0.13024 113
0.157453 0.954821 114
0.169379 0.99656 114
0.203053 0.992751 114
0.221675 0.935206 114
0.172877 0.904495 114
0.188836 0.938755 114
0.153326 0.959008 114
0.173665 0.985735 114
0.231625 0.949421 114
0.181344 0.914242 114
0.142791 0.904336 114
0.182615 0.978431 114
0.142955 0.999853 114
0.168073 0.974856 114
0.16324 0.986089 114
0.180754 0.926745 114
0.638823 0.017479 115
0.683086 0.027185 115
0.655866 0.000506051 115
0.719134 0.035501 115
0.660684 0.0549104 115
0.706784 0.021924 115
0.736625 0.00960943 115
0.673535 0.0718417 115
0.665469 0.0741906 115
0.585284 0.865586 116
0.556243 0.889668 116
0.554229 0.898084 116
0.526812 0.912034 116
0.562751 0.888406 116
0.52256 0.939409 116
0.538641 0.879155 116
0.558386 0.870287 116
0.575656 0.892491 116
0.601898 0.902016 116
0.562612 0.925174 116
0.964147 0.90209 117
0.921836 0.908614 117
0.971827 0.947752 117
0.98686 0.9307 117
0.963491 0.943934 117
0.917244 0.904884 117
0.928725 0.911972 117
0.984056 0.92164 117
0.965307 0.923706 117
0.375302 0.293997 118
0.362245 0.305326 118
0.357427 0.31454 118
0.534159 0.282499 119
0.544633 0.280556 119
0.556706 0.236543 119
0.529981 0.288195 119
0.550362 0.211383 119
0.533719 0.240035 119
0.514896 0.244144 119
0.55597 0.259043 119
0.536384 0.242783 119
0.554325 0.288248 119
0.942166 0.175261 120
0.952943 0.137586 120
0.956513 0.114298 120
0.944927 0.129774 120
0.979805 0.158617 120
0.99103 0.183759 120
0.987019 0.181858 120
0.928467 0.179513 120
0.724577 0.999334 121
0.768212 0.986771 121
0.192776 0.714816 122
0.110818 0.70457 122
0.131574 0.708284 122
0.177846 0.735889 122
0.0983243 0.685054 122
0.100723 0.706866 122
0.139448 0.680097 122
0.173112 0.640156 122
0.181827 0.671705 122
0.161027 0.654049 122
0.189483 0.718938 122
0.140901 0.660154 122
0.688112 0.924022 123
0.646424 0.896022 123
0.674003 0.948035 123
0.652277 0.917912 123
0.653505 0.923188 123
0.61543 0.901096 123
0.650138 0.970535 123
0.620935 0.9423 123
0.62811 0.876278 123
0.63947 0.95886 123
0.169795 0.797914 124
0.119806 0.755407 124
0.123578 0.841749 124
0.0851069 0.766257 124
0.1038 0.842166 124
0.158791 0.824368 124
0.151936 0.789666 124
0.136026 0.813245 124
0.213593 0.451319 125
0.201138 0.517281 125
0.211086 0.506791 125
0.159242 0.493374 125
0.152998 0.450297 125
0.22428 0.508769 125
0.173324 0.440788 125
0.16101 0.463133 125
0.145972 0.476737 125
0.485633 0.119137 126
0.47583 0.139495 126
0.464053 0.110401 126
0.496019 0.111297 126
0.4945 0.391011 127
0.461099 0.387927 127
0.492989 0.362408 127
0.458474 0.354983 127
0.488556 0.358479 127
0.44264 0.349043 127
0.475385 0.331129 127
