0.867959 0.0285921
0.850047 0.0634889
0.846732 0.0457297
0.854091 0.0825188
0.855998 0.0175035
0.879922 0.0054392
0.849819 0.0184406
0.847054 0.0209837
0.933834 0.0561202
0.929714 0.0137826
0.925945 0.00940005
0.921475 0.00252677
0.942275 0.0201391
0.859226 0.116756
0.951765 0.0659208
0.891312 0.12384
0.957172 0.0636705
0.914222 0.120529
0.814431 0.0792694
0.804445 0.0358097
0.804657 0.0722531
0.829479 0.114226
0.801749 0.0594135
0.801498 0.0788347
0.802128 0.0207005
0.806282 0.101429
0.966446 0.0940206
0.956513 0.114298
0.944927 0.129774
0.782592 0.0287543
0.776004 0.0517918
0.952943 0.137586
0.809495 0.136489
0.996327 0.0231389
0.763913 0.0284825
0.859034 0.174343
0.894533 0.177328
0.760934 0.0797827
0.78787 0.137205
0.872795 0.182725
0.782943 0.135384
0.928467 0.179513
0.942166 0.175261
0.979805 0.158617
0.849391 0.195821
0.740855 0.0900224
0.734478 0.0612523
0.77871 0.162866
0.736625 0.00960943
0.863201 0.206965
0.72828 0.0799918
0.881447 0.214929
0.723862 0.0828538
0.987019 0.181858
0.719134 0.035501
0.750588 0.152392
0.99103 0.183759
0.900988 0.222009
0.801685 0.205252
0.787476 0.199949
0.707025 0.0679388
0.706784 0.021924
0.716446 0.12424
0.757987 0.189374
0.940334 0.231703
0.71207 0.13024
0.739523 0.189163
0.710512 0.150722
0.688342 0.0975314
0.683086 0.027185
0.808977 0.243037
0.714355 0.169498
0.700589 0.151105
0.762862 0.225869
0.673535 0.0718417
0.85407 0.265538
0.876135 0.270951
0.676043 0.119421
0.665469 0.0741906
0.804135 0.260211
0.660684 0.0549104
0.90746 0.275943
0.752423 0.237013
0.710924 0.200758
0.655866 0.000506051
0.788646 0.266633
0.711611 0.216136
0.802456 0.275831
0.697479 0.201252
0.818351 0.287346
0.932263 0.295172
0.638823 0.017479
0.676268 0.189161
0.673753 0.188995
0.749792 0.267148
0.893961 0.305945
0.657504 0.169298
0.634875 0.106546
0.630347 0.0881262
0.698352 0.233267
0.713789 0.248477
0.816647 0.304219
0.739011 0.269117
0.624912 0.0948467
0.624448 0.00972057
0.93803 0.311138
0.834061 0.31326
0.985673 0.299431
0.765599 0.294307
0.618194 0.10827
0.800174 0.317392
0.605402 0.0737376
0.848109 0.332115
0.811427 0.325183
0.60208 0.042445
0.611597 0.126888
0.798546 0.323553
0.603915 0.00453663
0.785369 0.322406
0.659271 0.233165
0.594874 0.0430542
0.598827 0.00395131
0.93697 0.339004
0.608112 0.147748
0.990751 0.324908
0.984198 0.327756
0.590106 0.037256
0.61187 0.166243
